0.0600242032633 0.855545215787
0.34234580448 0.51455533612
0.101927652422 0.801952135533
0.718015076516 0.225617172424
0.474150504049 0.397658673659
0.912483133199 0.112497761602
0.353246192006 0.50323599385
0.708998405769 0.267900390218
0.427032706652 0.432002153113
0.0188775476163 0.989908920294
0.812867726709 0.152746066849
0.905512703805 0.128451583723
0.0308346238962 0.97974198301
0.165257916517 0.671601548473
0.639815442237 0.270605161259
0.0506134424722 0.884869590818
0.298331705941 0.55008546371
0.456156195187 0.406717762009
0.800452683201 0.176477722764
0.0349069814474 0.930182161443
0.525740465662 0.346420249512
0.992929762337 0.0620024286127
0.757710367472 0.204685371878
0.0726110311698 0.85065602376
0.366745757101 0.493359934151
0.254842696773 0.595737146878
0.152003751813 0.691345778596
0.977883230438 0.0874793049807
0.210688949548 0.624113165062
0.389352875995 0.481369290717
0.000177734482349 1.11663546289
0.121852837856 0.771415917239
0.577743315631 0.305925873092
0.559759802538 0.325005623425
0.944503077333 0.0933878929845
0.404760633231 0.461348365176
0.516308041668 0.364066354612
0.00740614508504 1.036459997
0.248067505672 0.600843301934
0.478296691896 0.391064949776
0.552220090049 0.342029832969
0.00432625569192 1.08950298122
